> runtimes = read.csv("s1-s.csv")
> ncount=factor(runtimes[,3])
> method=factor(runtimes[,4])
> y=runtimes[,6]
> y
  [1]   0.000001   0.000236   0.000016   0.000554   0.000003   0.000004
  [7]   0.000002   0.000596   0.000031   0.000653   0.000004   0.000005
 [13]   0.000010   0.004384   0.000071   0.000787   0.000009   0.000007
 [19]   0.000064   0.001715   0.000179   0.000739   0.000022   0.000012
 [25]   0.000263   0.006653   0.000407   0.000829   0.000047   0.000021
 [31]   0.001724   0.003285   0.001011   0.001016   0.000118   0.000043
 [37]   0.003648   0.034054   0.002379   0.001748   0.000276   0.000099
 [43]   0.136706   0.053670   0.005611   0.000903   0.000657   0.000222
 [49]   0.100428   0.028772   0.013156   0.000981   0.001500   0.000506
 [55]   0.569251   0.000981   0.030907   0.000880   0.003428   0.001171
 [61]   2.722611   0.054396   0.072024   0.001181   0.007805   0.002623
 [67]  80.153607   0.025930   0.170388   0.001750   0.017538   0.005904
 [73] 184.066366   0.074730   0.402201   0.001826   0.039505   0.013153
 [79] 351.700060   0.438721   0.919911   0.003063   0.108037   0.029270
 [85] 354.068208   0.227218   2.121977   0.001434   0.402024   0.064756
 [91]   0.000001   0.000483   0.000016   0.000640   0.000003   0.000004
 [97]   0.000002   0.001327   0.000029   0.000522   0.000004   0.000004
[103]   0.000012   0.000984   0.000068   0.000541   0.000009   0.000006
[109]   0.000055   0.003899   0.000169   0.000663   0.000020   0.000011
[115]   0.000218   0.163118   0.000418   0.000895   0.000049   0.000021
[121]   0.001377   0.002554   0.000997   0.000613   0.000116   0.000043
[127]   0.003912   0.001388   0.002378   0.000657   0.000280   0.000098
[133]   0.007649   0.045800   0.005585   0.000922   0.000655   0.000221
[139]   0.136337   0.011526   0.013142   0.000891   0.001503   0.000504
[145]   1.080899   1.635053   0.030945   0.001838   0.003429   0.001180
[151]   3.945759   0.070897   0.071835   0.001371   0.007825   0.002639
[157]   4.866886   1.106122   0.170300   0.003461   0.017553   0.005897
[163] 357.033850   0.062850   0.400047   0.001329   0.039720   0.013231
[169]  65.797581   0.009754   0.918341   0.001124   0.111529   0.029279
[175] 429.928496   0.532739   2.134806   0.001807   0.402610   0.064902
[181]   0.000001   0.000570   0.000017   0.000626   0.000003   0.000004
[187]   0.000003   0.006418   0.000029   0.000585   0.000005   0.000005
[193]   0.000010   0.086980   0.000068   0.000678   0.000009   0.000006
[199]   0.000051   0.153479   0.000169   0.000803   0.000020   0.000010
[205]   0.000187   0.011404   0.000407   0.000667   0.000049   0.000021
[211]   0.001956   0.007327   0.000990   0.000597   0.000112   0.000043
[217]   0.006018   0.008581   0.002371   0.000627   0.000272   0.000094
[223]   0.068480   0.033945   0.005596   0.000904   0.000652   0.000218
[229]   0.413276   0.016371   0.013166   0.000739   0.001506   0.000496
[235]   0.641057   6.189090   0.030832   0.001544   0.003399   0.001158
[241]  27.621443   0.017740   0.071917   0.000937   0.007760   0.002622
[247]  19.301196   0.863332   0.169875   0.001430   0.017508   0.005936
[253]         NA   0.135077   0.407221   0.001320   0.042057   0.013222
[259] 273.982862   3.075106   0.947330   0.002089   0.130421   0.029596
[265]         NA   0.472545   2.136192   0.192294   0.382401   0.065068
...
> summary(aov(y~ncount*method))
                 Df  Sum Sq Mean Sq F value Pr(>F)    
ncount           14 1147993   82000   196.4 <2e-16 ***
method            5 1522385  304477   729.2 <2e-16 ***
ncount:method    70 9822839  140326   336.1 <2e-16 ***
Residuals     12717 5310002     418                   
---
Signif. codes:  0 ‘***’ 0.001 ‘**’ 0.01 ‘*’ 0.05 ‘.’ 0.1 ‘ ’ 1
153 observations deleted due to missingness
> runtimes = read.csv("s1-m.csv")
> ncount=factor(runtimes[,3])
> method=factor(runtimes[,4])
> y=runtimes[,6]
> summary(aov(y~ncount*method))
                Df  Sum Sq Mean Sq F value Pr(>F)    
ncount           5  322445   64489   84.74 <2e-16 ***
method           4 1135808  283952  373.12 <2e-16 ***
ncount:method   19 1158739   60986   80.14 <2e-16 ***
Residuals     3994 3039481     761                   
---
Signif. codes:  0 ‘***’ 0.001 ‘**’ 0.01 ‘*’ 0.05 ‘.’ 0.1 ‘ ’ 1
297 observations deleted due to missingness
> runtimes = read.csv("s1-l.csv")
> ncount=factor(runtimes[,3])
> method=factor(runtimes[,4])
> y=runtimes[,6]
> summary(aov(y~ncount*method))
                 Df  Sum Sq Mean Sq F value Pr(>F)    
ncount           14 1147993   82000   196.4 <2e-16 ***
method            5 1522385  304477   729.2 <2e-16 ***
ncount:method    70 9822839  140326   336.1 <2e-16 ***
Residuals     12717 5310002     418                   
---
Signif. codes:  0 ‘***’ 0.001 ‘**’ 0.01 ‘*’ 0.05 ‘.’ 0.1 ‘ ’ 1
153 observations deleted due to missingness
> runtimes = read.csv("s1.csv")
> mruntimes <- ddply(runtimes, .(ncount,method), summarise, mtime = mean(runtime))
> mruntimes
    ncount method        mtime
1        5      1 9.583333e-07
2        5      2 8.756944e-04
3        5      3 1.619444e-05
4        5      4 6.688333e-04
5        5      5 3.027778e-06
6        5      6 3.680556e-06
7        6      1 2.548611e-06
8        6      2 3.669847e-03
9        6      3 3.058333e-05
10       6      4 6.188958e-04
11       6      5 4.583333e-06
12       6      6 4.583333e-06
13       7      1 1.111806e-05
14       7      2 7.178604e-03
15       7      3 6.886806e-05
16       7      4 7.167639e-04
17       7      5 9.159722e-06
18       7      6 6.590278e-06
19       8      1 5.293056e-05
20       8      2 1.939515e-02
21       8      3 1.694167e-04
22       8      4 8.031181e-04
23       8      5 2.049306e-05
24       8      6 1.158333e-05
25       9      1 2.781875e-04
26       9      2 4.937144e-02
27       9      3 4.166736e-04
28       9      4 7.152222e-04
29       9      5 4.825694e-05
30       9      6 2.128472e-05
31      10      1 1.390319e-03
32      10      2 6.961257e-02
33      10      3 9.985139e-04
34      10      4 7.690347e-04
35      10      5 1.160972e-04
36      10      6 4.375000e-05
37      11      1 7.573521e-03
38      11      2 1.572786e-01
39      11      3 2.379125e-03
40      11      4 8.485903e-04
41      11      5 2.772500e-04
42      11      6 9.675000e-05
43      12      1 3.524222e-02
44      12      2 2.563929e-01
45      12      3 5.612861e-03
46      12      4 9.295833e-04
47      12      5 6.540764e-04
48      12      6 2.198889e-04
49      13      1 1.940450e-01
50      13      2 5.729838e-01
51      13      3 1.313884e-02
52      13      4 1.052257e-03
53      13      5 1.497451e-03
54      13      6 5.050139e-04
55      14      1 7.983488e-01
56      14      2 7.237629e-01
57      14      3 3.087206e-02
58      14      4 1.203535e-03
59      14      5 3.412882e-03
60      14      6 1.162771e-03
61      15      1 4.693204e+00
62      15      2 1.572644e+00
63      15      3 7.204742e-02
64      15      4 1.353556e-03
65      15      5 7.806083e-03
66      15      6 2.625951e-03
67      16      1 2.761663e+01
68      16      2 2.151505e+00
69      16      3 1.702429e-01
70      16      4 1.521333e-03
71      16      5 1.755145e-02
72      16      6 5.908257e-03
73      17      1           NA
74      17      2 2.609617e+00
75      17      3 4.008914e-01
76      17      4 1.678549e-03
77      17      5 3.969324e-02
78      17      6 1.319554e-02
79      18      1           NA
80      18      2 3.564659e+00
81      18      3 9.218860e-01
82      18      4 1.829549e-03
83      18      5 1.152722e-01
84      18      6 2.933739e-02
85      19      1           NA
86      19      2 7.958382e+00
87      19      3 2.445310e+00
88      19      4 6.645266e-02
89      19      5 4.192472e-01
90      19      6 8.412644e-02
91      20      2 4.761387e+00
92      20      3 7.305148e+00
93      20      4 1.811836e-01
94      20      5 9.245046e-01
95      20      6 1.684206e-01
96      21      2           NA
97      21      3 1.802427e+01
98      21      4 1.246119e-01
99      21      5 2.143849e+00
100     21      6 3.203390e-01
101     22      2           NA
102     22      3 4.483873e+01
103     22      4 1.242636e-01
104     22      5 5.089822e+00
105     22      6 6.890536e-01
106     23      2 2.055787e+01
107     23      3           NA
108     23      4 1.197144e-01
109     23      5 1.177512e+01
110     23      6 1.495916e+00
111     24      2 1.744191e+01
112     24      3           NA
113     24      4 7.208115e-01
114     24      5 2.658552e+01
115     24      6 4.214938e+00
116     25      2           NA
117     25      3           NA
118     25      4 9.474013e-01
119     25      5           NA
120     25      6 7.956956e+00
121     26      2           NA
122     26      4 1.697794e-01
123     26      6           NA
124     27      2           NA
125     27      4 1.093527e-01
126     27      6           NA
127     28      2           NA
128     28      4 9.547967e-02
129     28      6           NA
130     29      2           NA
131     29      4 1.531903e-01
132     29      6           NA
133     30      2           NA
134     30      4 8.420278e-02
135     30      6           NA
136     31      2           NA
137     31      4 1.189778e-01
138     31      6           NA
139     32      2           NA
140     32      4 3.963907e-02
141     32      6           NA
> library(ggplot2)
> ggplot(mruntimes, aes(x=factor(ncount), y=log(mtime), color=factor(method))) + geom_point()